waypoints:
  waypoint_1:
    orientation:
      w: 0.9878148074072091
      x: -0.005076104796778919
      y: -0.003588264992521973
      z: 0.15550969031380144
    position:
      x: 74.67853048911478
      y: 40.806481163619864
      z: -1.5294198172181203e-19
