waypoints:
  waypoint_1:
    orientation:
      w: 0.9684266253497422
      x: -0.0014159784528254605
      y: -0.008192074705933635
      z: 0.24916010160285232
    position:
      x: 36.383846083809516
      y: 18.286181147518253
      z: -4.208088281669104e-19
